iauname,smooth,featured,artifact,label
J094651.40-010228.5,0.285737051132261,0.6820813723839179,0.0321815764838211,1
J094630.85-004554.5,0.4932120188027519,0.4552163820579079,0.0515715991393402,0
J094631.59-005917.7,0.8998779896137177,0.051690872286149,0.0484311381001333,0
J094744.18-004013.4,0.7729670373095052,0.0995067780405134,0.1275261846499813,0
J094751.74-003242.0,0.5293029388413067,0.4094225557931948,0.0612745053654984,0
J094751.24-004533.5,0.8049485867898122,0.0858246851627094,0.1092267280474786,0
J094726.35-004832.0,0.634819726096908,0.2447283514359762,0.1204519224671157,0
J094622.25-004536.9,0.5340993869820859,0.3577703318314439,0.1081302811864701,0
J094654.77-003324.5,0.330945313405414,0.089956534973508,0.5790981516210778,2
J094625.73-011426.7,0.6384296282184068,0.1711715419004263,0.1903988298811667,0
J094844.82-002937.7,0.1868162794285535,0.761468066203064,0.0517156543683826,1
J094749.45-002032.2,0.6155034131127324,0.2430048887909152,0.1414916980963524,0
J094842.33-002114.5,0.7251633617218767,0.0759615616647798,0.1988750766133435,0
J094859.52-000208.5,0.7494801941174876,0.1699040350330023,0.08061577084951,0
J094740.82-001823.2,0.2069812080977474,0.7312580322768837,0.0617607596253689,1
J094919.08+000144.0,0.0662483174886691,0.8949589552126577,0.038792727298673,1
J094617.11-005725.9,0.4163620435894403,0.542480420973461,0.0411575354370986,1
J094615.73-010505.2,0.8242645298449872,0.1228713847411256,0.0528640854138872,0
J094526.48-004900.0,0.8242426334167964,0.0955577073829337,0.0801996592002697,0
J094543.87-005914.5,0.7899854460680312,0.1162651731274716,0.0937493808044969,0
J094517.64-011051.0,0.7709257559284778,0.120400014140446,0.108674229931076,0
J094603.07-005044.8,0.028505814797581,0.9401584680979688,0.0313357171044503,1
J094547.60-004248.3,0.8372880882456073,0.0796632350216539,0.0830486767327386,0
J094617.45-010339.2,0.4609896889794262,0.498415142843537,0.0405951681770365,1
J094725.81-001307.6,0.6741339165608633,0.2517982226643012,0.0740678607748356,0
J094736.30-002447.3,0.806399748980346,0.1215647143099454,0.0720355367097084,0
J094728.34-002912.2,0.5971201744320236,0.34950559688001,0.0533742286879665,0
J094727.43-002750.6,0.7041226805653694,0.2378783319978195,0.057998987436811,0
J094733.97-003045.5,0.8333274765398313,0.0877894274960364,0.0788830959641322,0
J094731.99-002940.9,0.1032292237557829,0.8560843271217385,0.0406864491224784,1
J094726.32-000556.2,0.5478537662134947,0.379789488407382,0.0723567453791233,0
J094725.62-001626.6,0.4968348261342833,0.3878161319047061,0.1153490419610104,0
J094736.55-001849.2,0.1197250431783093,0.8292686952497982,0.0510062615718923,1
J094706.51-001431.3,0.8205657155500289,0.1153139699365181,0.064120314513453,0
J094714.19+000134.9,0.7781289009165127,0.1314519216404936,0.0904191774429937,0
J094701.43-001005.5,0.2588452039319081,0.6575560234125157,0.083598772655576,1
J094714.87-001124.1,0.7667947011817935,0.130707006916288,0.1024982919019185,0
J094428.40-005205.4,0.8518909210835457,0.066315802327104,0.0817932765893501,0
J094422.48-004735.1,0.4142093508649027,0.5472030421743965,0.0385876069607007,1
J094422.42-010029.4,0.778685037234907,0.0847405355608081,0.136574427204285,0
J094456.92-010709.4,0.7391851729071719,0.2041027034477071,0.0567121236451209,0
J094430.71-011123.2,0.5486343646046608,0.3951128877691106,0.0562527476262286,0
J094419.05-004051.4,0.6752927903467488,0.2581022807104401,0.0666049289428109,0
J094446.23-004118.2,0.3210966862428565,0.4422835833306543,0.2366197304264893,1
J094401.87-003832.1,0.1732675198072264,0.4758327737194981,0.3508997064732753,1
J094618.15-001728.5,0.0576404486696719,0.8973757776694762,0.0449837736608517,1
J094622.67-000759.3,0.3269532663648343,0.6287240120740756,0.04432272156109,1
J094658.01-003128.7,0.396184769449133,0.5279608818764805,0.0758543486743864,1
J094628.56-002603.4,0.6207476770921841,0.30804870409329,0.0712036188145257,0
J094631.11-002756.3,0.6643619203691977,0.2851801737426695,0.0504579058881325,0
J094557.73-002209.5,0.5363533720749017,0.4007085994991176,0.0629380284259805,0
J094700.41-002430.2,0.2057844613702772,0.7430216514786028,0.0511938871511198,1
J094646.97-001713.0,0.7515904398846456,0.1402267484755501,0.1081828116398042,0
J094634.46-001952.8,0.7435489118263351,0.1382637866022842,0.1181873015713806,0
J094624.86-001129.2,0.1114373858712885,0.846382158882578,0.0421804552461336,1
J094631.36+000415.5,0.8013313740423943,0.0851735851836735,0.1134950407739321,0
J094625.93+000251.6,0.8722717420482737,0.0614689656861542,0.0662592922655721,0
J094625.52-001247.5,0.5836422608919346,0.3540879160548806,0.0622698230531847,0
J094654.96+000137.0,0.8361010098301069,0.1044501591334437,0.0594488310364493,0
J094659.50-001605.8,0.736721256068694,0.2142427137811579,0.0490360301501478,0
J094632.36-001132.1,0.8082226470022011,0.1006982974056869,0.0910790555921117,0
J094656.91-001507.9,0.7704312130391352,0.1063089160051026,0.123259870955762,0
J094638.72-000612.0,0.5868748506709605,0.3734710777219107,0.0396540716071289,0
J094323.19-011112.4,0.790109315188797,0.1346378482269511,0.0752528365842518,0
J094313.13-011102.5,0.7645401328791153,0.1037210308555279,0.1317388362653568,0
J094333.74-010551.3,0.3106302257864046,0.6384981756810952,0.0508715985325001,1
J094345.09-004402.2,0.1718470337381152,0.7683391530120683,0.0598138132498164,1
J094324.75-005949.4,0.5655165473832391,0.3774780749256478,0.0570053776911132,0
J094317.19-005047.7,0.6108616979657959,0.3264913292615724,0.0626469727726315,0
J094329.86-003631.5,0.0234830491549945,0.9458593552004086,0.0306575956445968,1
J094529.71-002206.3,0.0970810706503193,0.8241355276437261,0.0787834017059545,1
J094531.53-002311.4,0.6729458931996853,0.2848899203564439,0.0421641864438707,0
J094552.53-000534.1,0.6774318934175055,0.1626678929219357,0.1599002136605586,0
J094525.38-000836.1,0.4000415361220253,0.555145362238583,0.0448131016393915,1
J094524.49-001957.7,0.7932218784788148,0.1535970580886055,0.0531810634325795,0
J094511.96-000711.9,0.0649517556940245,0.8991459015945719,0.0359023427114034,1
J094527.69-002036.7,0.7349615105914385,0.2179743105799517,0.0470641788286096,0
J094535.76-002101.4,0.5225929603321853,0.4306915585402819,0.0467154811275328,0
J094517.55-000147.9,0.4483830667636537,0.3499581539015045,0.2016587793348416,0
J094512.20+000207.7,0.5211411388382808,0.4267406708253519,0.0521181903363671,0
J094519.11-001822.4,0.2744153276049338,0.6742722766353871,0.051312395759679,1
J094523.29+000431.4,0.7065011519217748,0.2368133852039816,0.0566854628742432,0
J094413.75-000549.3,0.7239746608040935,0.1581018130296635,0.1179235261662429,0
J094446.39-000219.8,0.2217852568419203,0.7298013165000744,0.0484134266580052,1
J094453.34-002233.2,0.8186312144399899,0.105338615937104,0.0760301696229058,0
J094507.24-002425.0,0.5582572419195891,0.3572939575906321,0.0844488004897786,0
J094507.92+000350.5,0.7456038986174507,0.2117546283412533,0.0426414730412959,0
J094455.64+000405.6,0.4170538129717574,0.5332845761660003,0.0496616108622423,1
J094405.60+000119.2,0.3496384426410329,0.5522934017677094,0.0980681555912578,1
J094354.05+000624.0,0.4680727098190123,0.4459010790065166,0.086026211174471,0
J094415.95-000003.2,0.7654142077154124,0.1715393768567201,0.0630464154278673,0
J094357.02-002033.0,0.7611334590103097,0.1929560193404887,0.0459105216492015,0
J094358.54-000809.0,0.5840597866901265,0.3740967212934519,0.0418434920164214,0
J094337.42-002206.0,0.6485370221464829,0.2972903101206214,0.0541726677328956,0
J094318.03+000235.4,0.6984703634824859,0.1549114596467625,0.1466181768707516,0
J094334.18-002010.6,0.6706777239494643,0.2165863188078824,0.1127359572426533,0
J094330.57-000300.6,0.3930750334652361,0.5439666444340276,0.0629583221007361,1
J094348.04+000419.3,0.7986593009818543,0.0814602680934852,0.1198804309246604,0
J094327.67+000522.7,0.6916934826877252,0.2589499961812585,0.0493565211310164,0
J094320.85+000010.4,0.7261920818324091,0.2085197461233062,0.0652881720442846,0
J094327.74+000322.3,0.7346059709050538,0.0949814161807413,0.1704126129142049,0
J094323.63+000304.7,0.7658629293383528,0.1558719103430405,0.0782651603186067,0
J094317.44-000936.9,0.828906231794781,0.0957642499510344,0.0753295182541844,0
J094244.67-011438.5,0.7452898970661426,0.1210075573140621,0.1337025456197952,0
J094232.14-010302.1,0.5996865972938903,0.332959261755841,0.0673541409502685,0
J094304.30-010428.9,0.0347892971141376,0.9311348505160794,0.0340758523697829,1
J094243.46-005202.0,0.2625066861408009,0.6997366045176954,0.0377567093415037,1
J094300.98-004512.1,0.1527744410528198,0.8084740642279121,0.038751494719268,1
J094219.71-005333.8,0.6992055791823699,0.2442517400570604,0.0565426807605697,0
J094234.86-004855.7,0.7727446543397808,0.0872569924159544,0.1399983532442648,0
J094235.49-004618.2,0.2139317531895432,0.7214787843819286,0.0645894624285281,1
J094302.33-004849.9,0.4972149943616083,0.4464625882880644,0.0563224173503272,0
J094250.14-004451.6,0.284119056855974,0.669970398257232,0.0459105448867938,1
J094307.45-003619.2,0.4744141338003851,0.4674728659947204,0.0581130002048943,0
J094258.73-000434.8,0.0505348342706814,0.882950054549881,0.0665151111794374,1
J094224.27-000004.9,0.3678363637831484,0.5609664779481298,0.0711971582687215,1
J094256.92-000339.6,0.6931482899814582,0.1621388554137174,0.1447128546048244,0
J094240.67+000642.1,0.7842588607432286,0.0852265428086899,0.1305145964480814,0
J094229.34+000204.6,0.6042585912091817,0.3353827003283971,0.0603587084624212,0
J094245.44-000040.8,0.8610636212272236,0.0897619601639186,0.0491744186088578,0
J094248.63-000254.7,0.2572721993054886,0.6717369272116894,0.0709908734828219,1
J094223.57-001207.8,0.1465963993695507,0.807191419674905,0.0462121809555444,1
J094229.68-001723.7,0.8493413906281835,0.06162210469848,0.0890365046733367,0
J094306.81-000804.3,0.7836297352180539,0.0916177431380404,0.1247525216439054,0
J094312.29-001239.9,0.4943390488064307,0.4623513061241832,0.043309645069386,0
J094240.59-002515.6,0.5090119248242142,0.4181042939064704,0.0728837812693153,0
J094135.60-004015.1,0.7817927401318238,0.154811847680913,0.0633954121872633,0
J094156.94-004824.8,0.1005314147876995,0.8475960377643945,0.0518725474479058,1
J094200.58-005759.7,0.7934780175358608,0.0923558113576368,0.1141661711065025,0
J094133.16-004132.0,0.5685684558242082,0.3667638732844056,0.0646676708913861,0
J094151.17-005039.2,0.8436810581078669,0.0761908947833401,0.0801280471087929,0
J094129.08-010451.6,0.602171406925452,0.3063511140627735,0.0914774790117745,0
J094146.58-011143.5,0.8173142041284943,0.0976442529590029,0.0850415429125027,0
J094129.78-011457.4,0.7465299583068744,0.1055891466619281,0.1478808950311972,0
J094155.03-010312.2,0.7207648471319671,0.222939052957591,0.0562960999104418,0
J094159.11-004412.3,0.6433486548998896,0.304356721913903,0.0522946231862074,0
J094139.14+000623.3,0.3757140045772023,0.5854296523450809,0.0388563430777167,1
J094147.21+000438.6,0.242023018394476,0.7025164989423573,0.0554604826631664,1
J094127.54-002033.9,0.4688906720008166,0.3618256645907424,0.1692836634084411,0
J094133.85-002456.0,0.5686819002597315,0.3803148146763403,0.0510032850639281,0
J094142.47+000258.4,0.7985583002924993,0.1234203730178216,0.0780213266896791,0
J094137.63-001851.7,0.7729810414053334,0.0907514721224662,0.1362674864722004,0
J094146.91-000721.5,0.8077979201343014,0.0909232734646871,0.1012788064010114,0
J094135.06-000528.3,0.3030780498018718,0.6559762805902284,0.0409456696078997,1
J094203.90-003109.0,0.7860473789483866,0.0961398443855008,0.1178127766661124,0
J094151.49+000625.3,0.7508573219037932,0.0951060676428076,0.154036610453399,0
J094123.99-011513.8,0.8255382202279486,0.107462863087574,0.0669989166844772,0
J094049.77-005147.0,0.7658084019405338,0.1046724196294281,0.1295191784300381,0
J094106.70-004359.2,0.7805154928786874,0.1078977156001981,0.1115867915211143,0
J094101.66-010606.7,0.7587228993733203,0.1726758806202292,0.0686012200064505,0
J094124.34-011418.7,0.7745182448187665,0.1786624289673857,0.0468193262138474,0
J094047.11-005247.9,0.8317444138528224,0.0748995819469722,0.0933560042002053,0
J094126.92-004250.4,0.4439010962573588,0.4724145173350362,0.0836843864076048,1
J094053.96-003252.8,0.8548922268930171,0.0984584877632009,0.046649285343782,0
J094116.94-001510.3,0.5375070114970822,0.4056056547510105,0.0568873337519073,0
J094122.63-000100.9,0.786194574595697,0.110993490610058,0.1028119347942451,0
J094119.21+000235.2,0.6375525868323083,0.2984717372315503,0.0639756759361413,0
J094049.86-001919.6,0.6264412820122651,0.2294416702727955,0.1441170477149394,0
J094121.74+000109.0,0.3411734744632212,0.5870278768754177,0.0717986486613611,1
J094052.56-001110.2,0.7949430656631883,0.1310610202680386,0.0739959140687732,0
J094106.09-002824.5,0.1800442404361391,0.6857521714161017,0.1342035881477592,1
J094040.16-002856.4,0.3562748702319815,0.537463225934172,0.1062619038338465,1
J094209.88+004743.6,0.6246962790150339,0.3174134917949514,0.0578902291900145,0
J094047.68+005557.6,0.7494594196862245,0.1788408774618766,0.0716997028518988,0
J094133.71+005728.1,0.7164556681823568,0.2095017592684636,0.0740425725491796,0
J094203.94+010239.7,0.7917622057395909,0.1031028550544394,0.1051349392059695,0
J094138.36+010135.6,0.7801880249587164,0.137230107170076,0.0825818678712075,0
J094055.18+004545.1,0.8281781473239712,0.096425428064456,0.0753964246115727,0
J094146.34+004935.8,0.474616651900146,0.4832937410623344,0.0420896070375194,1
J094123.44+010438.8,0.6614921782877804,0.2592777053116442,0.0792301164005754,0
J094103.17+005930.9,0.1843717325303836,0.6521447669352246,0.1634835005343917,1
J094117.02+004615.9,0.8210432109255676,0.1141224288311939,0.0648343602432382,0
J094111.05+004805.8,0.7986983998812208,0.1453262495617106,0.0559753505570684,0
J094121.89+003250.3,0.0756178600004121,0.8867830195958909,0.0375991204036968,1
J094134.58+002120.5,0.70909843482396,0.2315557984901427,0.0593457666858971,0
J094113.12+003344.6,0.3771535210947035,0.5634485852870788,0.0593978936182177,1
J094119.21+001031.8,0.783263475981383,0.1120425455441996,0.1046939784744173,0
J094052.89+002438.9,0.2312572004293366,0.7242861573370792,0.044456642233584,1
J094046.53+001008.0,0.8294877058513201,0.1130199814646679,0.0574923126840121,0
J094100.47+000735.3,0.5948008267687357,0.3035901898289623,0.1016089834023021,0
J094059.97+001542.5,0.6417466512215985,0.2571542272331174,0.1010991215452841,0
J094109.25+002047.4,0.6730091994477388,0.2503098956970976,0.0766809048551636,0
J094052.50+000849.3,0.0168353953416405,0.952285812804476,0.0308787918538836,1
J094328.34+004945.8,0.6611526100221886,0.2931020207092828,0.0457453692685285,0
J094324.11+011212.7,0.3871111711938223,0.543233009579135,0.0696558192270428,1
J094210.70+005621.7,0.6253583933185516,0.3295893612033287,0.0450522454781196,0
J094227.08+005820.6,0.8100033705724643,0.1253237801088907,0.0646728493186449,0
J094310.40+011108.4,0.7884319915255036,0.1118507763920078,0.0997172320824884,0
J094251.20+011002.4,0.5790075812103251,0.3708672059187393,0.0501252128709355,0
J094239.26+005825.2,0.0762869102959376,0.8879326039310449,0.0357804857730175,1
J094144.13+003351.0,0.144391724903175,0.8065111039538428,0.0490971711429823,1
J094222.56+001833.9,0.5789421240714345,0.3401524053438012,0.0809054705847642,0
J094203.29+002011.1,0.0289998685142457,0.9381246559412628,0.0328754755444915,1
J094159.83+000717.4,0.3747188695650532,0.5711473349437252,0.0541337954912217,1
J094153.12+000918.7,0.046032677823886,0.9210106072003325,0.0329567149757815,1
J094218.44+001401.1,0.8321767335263618,0.1094498342239523,0.0583734322496858,0
J094213.35+001100.5,0.8335739686509714,0.0907358468189962,0.0756901845300324,0
J094358.23+004717.0,0.830343990246308,0.1089286235482363,0.0607273862054557,0
J094333.90+010659.3,0.2904267784027518,0.5871104552435211,0.122462766353727,1
J094344.94+010830.5,0.6459676623131236,0.28954681826508,0.0644855194217965,0
J094403.63+004924.6,0.4983754996262023,0.4588655626341429,0.0427589377396547,0
J094352.71+004951.3,0.7474603378345063,0.1622759199305311,0.0902637422349624,0
J094402.93+004556.2,0.0591310735566239,0.900700678916024,0.0401682475273519,1
J094330.05+005444.9,0.7407142313789592,0.1988088288779298,0.060476939743111,0
J094419.73+010205.3,0.3229018824312006,0.5928639337614326,0.0842341838073667,1
J094334.45+010142.4,0.4506102171285675,0.5030545200526232,0.0463352628188094,1
J094323.39+004032.6,0.4242568483265007,0.5359710078656272,0.039772143807872,1
J094315.34+002918.6,0.0577995310795433,0.9005990873424027,0.0416013815780539,1
J094236.45+002808.9,0.6273315467123912,0.3167767242878722,0.0558917289997365,0
J094318.37+002223.1,0.1877038071023812,0.6005191713272922,0.2117770215703265,1
J094255.06+000736.8,0.3623716460439133,0.601505614685689,0.0361227392703978,1
J094258.37+002748.5,0.7663762758093514,0.0844724066942953,0.1491513174963532,0
J094306.02+001912.8,0.3779175796948035,0.4726828635312181,0.1493995567739783,1
J094303.79+000807.2,0.7347163411419823,0.1570203398994239,0.1082633189585937,0
J094318.71+001135.6,0.7487539575627785,0.1453157025828483,0.1059303398543731,0
J094456.22+010732.0,0.6134140564397268,0.213574192562871,0.173011750997402,0
J094459.28+005529.7,0.5668976009106531,0.3865787989251444,0.0465236001642024,0
J094500.58+010710.4,0.7829032394273753,0.0894659679458542,0.1276307926267704,0
J094503.79+011349.5,0.7314570390230416,0.0793158098888903,0.189227151088068,0
J094436.78+005207.3,0.2519183886650853,0.6935324811962792,0.0545491301386353,1
J094435.37+004902.4,0.5686499939169465,0.3573280305137112,0.0740219755693422,0
J094438.34+005026.4,0.6715763691434634,0.1694817628049616,0.1589418680515749,0
J094430.32+004528.3,0.6815303173156579,0.2721386242848739,0.0463310583994681,0
J094449.51+010853.8,0.7780796076229817,0.1094773180230577,0.1124430743539606,0
J094405.01+004400.7,0.6245345506737034,0.0936931289072471,0.2817723204190494,0
J094359.80+002108.7,0.2207468967275974,0.7374324559758635,0.0418206472965388,1
J094342.78+003152.1,0.1912812513473585,0.7434725272088231,0.0652462214438183,1
J094412.23+002624.4,0.5776348946189221,0.3678110257030629,0.0545540796780149,0
J094404.04+004300.4,0.6011301609832685,0.3560739796945792,0.0427958593221522,0
J094347.47+002755.0,0.6275469144919624,0.2808747101557136,0.091578375352324,0
J094414.88+001808.3,0.7924653883441234,0.1040254500665311,0.1035091615893453,0
J094345.05+004019.4,0.7515971877050971,0.0935530489810396,0.1548497633138632,0
J094401.44+000843.6,0.7017756743386933,0.1655591021993468,0.1326652234619598,0
J094410.89+001047.1,0.5065665433875988,0.408511969388893,0.0849214872235081,0
J094345.52+000700.8,0.1272821854323422,0.8326088132675128,0.0401090013001452,1
J094349.50+001157.8,0.4209261686018126,0.5227190687713142,0.0563547626268733,1
J094345.25+000903.7,0.5464028618105601,0.3670303560163355,0.0865667821731046,0
J094354.83+001741.8,0.7543521291261278,0.2005123373178583,0.0451355335560137,0
J094506.00+003451.5,0.4747094351001359,0.274348750530771,0.250941814369093,0
J094500.41+003022.0,0.8182224578339933,0.0922093616857623,0.0895681804802445,0
J094436.44+003648.4,0.689394534738994,0.1107499044719546,0.1998555607890514,0
J094421.55+003935.3,0.1449860383749583,0.7908954051308205,0.064118556494221,1
J094416.66+004153.5,0.7798736302039516,0.1458618643702565,0.0742645054257916,0
J094444.47+000709.4,0.7801561871490058,0.0812659042930186,0.1385779085579757,0
J094434.17+001832.5,0.7335549841021755,0.1516053759080303,0.1148396399897943,0
J094441.33+003414.2,0.6884782995659209,0.2212733763080759,0.090248324126003,0
J094434.67+000737.1,0.5387303780063317,0.3945580651768272,0.0667115568168411,0
J094516.02+003520.9,0.4506035529597803,0.1248966961419856,0.4244997508982341,0
J094516.88+003424.1,0.8347094409441186,0.08157973490203,0.0837108241538513,0
J094537.50+003614.7,0.5127762780208488,0.4196366080664511,0.0675871139126999,0
J094551.11+003819.3,0.1914666775484539,0.7392921807943621,0.0692411416571839,1
J094521.13+004319.8,0.5396016947904883,0.3508582694897842,0.1095400357197275,0
J094511.69+003922.0,0.6903571491025379,0.2402977742916503,0.0693450766058118,0
J094540.49+002355.8,0.7427275864307618,0.0891633149737793,0.1681090985954587,0
J094603.68+001000.4,0.2868132560532132,0.6560604856349049,0.0571262583118819,1
J094534.98+001424.4,0.3942321367024542,0.5526714012661119,0.0530964620314337,1
J094616.53+001558.0,0.8222280464280968,0.0701558387917639,0.1076161147801392,0
J094538.84+001255.2,0.0459376895684788,0.913775622586352,0.0402866878451692,1
J094621.31+001021.3,0.696180659524656,0.2614099013968534,0.0424094390784904,0
J094626.10+004816.9,0.0290935270091909,0.9339645383709532,0.0369419346198558,1
J094524.78+010337.2,0.7333923799665658,0.2274564406840133,0.0391511793494207,0
J094620.03+011338.1,0.6924998882591114,0.2254168753504406,0.082083236390448,0
J094604.87+005218.6,0.5053579334591689,0.4295632771658939,0.0650787893749372,0
J094534.05+005841.4,0.2625046725299733,0.6735479450094668,0.0639473824605599,1
J094529.49+010412.4,0.7579174281818166,0.1758964500459032,0.0661861217722804,0
J094607.41+004654.9,0.6203829136907449,0.3145444817304055,0.0650726045788494,0
J094527.97+005104.0,0.7720046814615827,0.1784038770878152,0.049591441450602,0
J094544.72+010333.0,0.553078360852898,0.4045163541313738,0.0424052850157282,0
J094621.89+005348.0,0.8917950087850166,0.0592292202829201,0.0489757709320635,0
J094720.72+003042.5,0.6079444314672842,0.3198149119190985,0.0722406566136172,0
J094707.65+004215.8,0.7433824160888374,0.1939634272285766,0.0626541566825858,0
J094713.63+003956.2,0.207465189776364,0.7340072304172678,0.0585275798063681,1
J094724.59+004113.2,0.7252394185714617,0.2268312968826615,0.0479292845458767,0
J094626.70+004134.9,0.4010385955762297,0.5399985461641588,0.0589628582596114,1
J094653.63+003026.5,0.1214763845147161,0.8097711518031846,0.0687524636820992,1
J094633.27+001146.3,0.7708254219036195,0.0743220360639193,0.154852542032461,0
J094628.01+000816.3,0.7616344623906212,0.0976437262218705,0.1407218113875084,0
J094715.89+005638.7,0.4337050266757918,0.1577986009772221,0.4084963723469861,0
J094704.22+010428.8,0.7950049772589546,0.1125263150230825,0.0924687077179628,0
J094653.94+010151.9,0.5676218536852091,0.3400479486501904,0.0923301976646003,0
J094706.70+010222.5,0.76601025637258,0.163422492324862,0.0705672513025579,0
J094642.52+010746.4,0.7568454472851016,0.1995894372199765,0.0435651154949219,0
J094711.73+005101.9,0.1186904858115815,0.8412619326709694,0.040047581517449,1
J094707.75+004739.8,0.738276128295577,0.2021386067742738,0.0595852649301494,0
J094736.91+003755.8,0.3698278490607418,0.5800732466902868,0.0500989042489713,1
J094730.46+002141.6,0.258618299859071,0.6758254102087514,0.0655562899321773,1
J094740.15+004141.4,0.362894116524605,0.5923415588025035,0.0447643246728914,1
J094733.05+001302.8,0.0414135259183279,0.9174411013828476,0.0411453726988243,1
J094736.69+001232.0,0.1387890032391363,0.81191751055604,0.0492934862048238,1
J094749.83+002336.0,0.2923794381496464,0.6547656520369525,0.0528549098134011,1
J094736.88+010207.3,0.524502129032222,0.4252824495945288,0.050215421373249,0
J094743.61+010206.7,0.6136933787289722,0.3218198574895381,0.0644867637814895,0
J094807.67+004631.2,0.7028201328175402,0.1253805570871812,0.1717993100952786,0
J094721.78+005310.4,0.0232384877936421,0.9416087321034244,0.0351527801029336,1
J094722.13+004426.9,0.7974625124569004,0.1348237005338146,0.0677137870092849,0
J094817.86+005306.7,0.3780078332508434,0.5751604971411552,0.0468316696080014,1
J094805.19+004516.0,0.7427746306372097,0.1209922198764665,0.1362331494863237,0
J094840.89+003152.2,0.7692861224295787,0.0853783541666363,0.1453355234037851,0
J094836.13+002459.6,0.280476588038988,0.678442126219755,0.0410812857412572,1
J094910.54+002252.8,0.5990999186629229,0.3138978766847858,0.0870022046522912,0
J094843.18+002934.8,0.384746689100505,0.5528577065122265,0.0623956043872684,1
J094830.56+003016.1,0.5445494167145637,0.3907828187105194,0.0646677645749167,0
J094918.42+001443.9,0.5198614017515125,0.4124028729672306,0.067735725281257,0
J094913.98+000904.2,0.6471164412577991,0.2732219646985849,0.0796615940436158,0
J094830.79+002209.1,0.1966979679295169,0.7624476075441767,0.0408544245263063,1
J094915.47+001029.4,0.607155505854859,0.3366497411058921,0.0561947530392489,0
J094846.29+001618.9,0.4691556814588633,0.46985040509722,0.0609939134439167,1
J094913.33+001303.5,0.7604231595361753,0.1900559383824289,0.0495209020813957,0
J095423.67-004356.2,0.5606367224309003,0.3929369632245357,0.0464263143445637,0
J095440.05-005356.7,0.3365172890514738,0.6179417383977395,0.0455409725507868,1
J095417.66-005356.4,0.6456808087495586,0.3047142838655792,0.0496049073848622,0
J095455.90-004540.1,0.54312296509423,0.383799981135032,0.0730770537707379,0
J095419.98-010848.4,0.6633680797938242,0.1225789278498536,0.2140529923563221,0
J095417.40-011020.8,0.7715781313182966,0.1691945936190762,0.0592272750626271,0
J095415.59-005716.6,0.8137429235689381,0.1137241174638511,0.0725329589672107,0
J095415.74-005609.9,0.7124064261379409,0.2368825159786826,0.0507110578833766,0
J095422.65-011024.5,0.7910067594899292,0.1057982476320022,0.1031949928780688,0
J095454.49-010715.5,0.8698579416763996,0.0576315927084414,0.0725104656151591,0
J095640.46-002249.8,0.156567353637145,0.7925152717790631,0.0509173745837917,1
J095638.61-002128.8,0.5591332182191233,0.1320716457540199,0.3087951360268568,0
J095627.11-002055.8,0.466772348030074,0.3642661500924246,0.1689615018775012,0
J095644.71-001842.5,0.7711350647936025,0.1246579152497018,0.1042070199566955,0
J095627.03-002832.2,0.7339400398997349,0.2093711824372434,0.0566887776630215,0
J095635.98-002924.0,0.5974007917949228,0.3483126327524728,0.0542865754526045,0
J095641.16-002446.7,0.7550076916916869,0.1742791853388627,0.0707131229694502,0
J095632.51-002046.6,0.6924381959223652,0.2395798114502241,0.0679819926274108,0
J095642.08+001131.6,0.6463129697502871,0.2906876006237728,0.06299942962594,0
J095640.77-000123.9,0.644519443956385,0.1224281568691628,0.233052399174452,0
J095634.18-002220.7,0.720366705231275,0.2160448180609166,0.0635884767078086,0
J095628.30+001102.3,0.2589507710684131,0.7041155895365185,0.0369336393950686,1
J095637.48-001854.8,0.72497951939578,0.2032581167847716,0.0717623638194481,0
J095630.74+000501.0,0.7354030005443846,0.1201413302975957,0.1444556691580196,0
J095636.95+001020.9,0.6424155585047407,0.3084738265254474,0.0491106149698115,0
J095348.80-010759.7,0.7821811785056427,0.1270818627152116,0.0907369587791455,0
J095407.38-011219.4,0.785047111811394,0.1520956912491297,0.0628571969394762,0
J095410.18-011140.4,0.621393963164692,0.1108091587315079,0.2677968781038,0
J095343.80-010135.1,0.3599402274772723,0.5668805140295979,0.0731792584931298,1
J095408.54-011043.1,0.7546984936904729,0.1622492805721657,0.0830522257373613,0
J095402.17-010012.6,0.7367841086072379,0.2277300020053792,0.0354858893873828,0
J095345.57-010412.8,0.7650887846896792,0.1269020129366354,0.1080092023736855,0
J095345.73-004812.6,0.7693607160596757,0.1354941387619016,0.0951451451784224,0
J095402.07-005332.0,0.6733977126759504,0.267916509590582,0.0586857777334676,0
J095358.78-010451.2,0.5284310088074646,0.4091527112542449,0.0624162799382904,0
J095401.06-004729.9,0.5071352396137127,0.4461665465683447,0.0466982138179425,0
J095400.01-004443.5,0.4357211549645619,0.5049440521278826,0.0593347929075554,1
J095616.64-001402.4,0.1509980391141239,0.8009068366223765,0.0480951242634996,1
J095621.64-001505.1,0.4130498313449203,0.5263598946246586,0.0605902740304212,1
J095625.27-002202.7,0.7608808148642865,0.1833054080927153,0.055813777042998,0
J095615.04-000145.0,0.6914385185096448,0.2538825602757803,0.0546789212145749,0
J095627.00+000746.9,0.3765340132493379,0.5825936286083775,0.0408723581422843,1
J095604.74-003547.1,0.7619977651018887,0.0990147015351642,0.1389875333629469,0
J095610.52-003722.1,0.4746353029686138,0.4168769016088468,0.1084877954225393,0
J095617.08-000611.1,0.7270990135525065,0.1538192287247727,0.1190817577227207,0
J095559.28-001440.7,0.6850823248694524,0.2600010294744754,0.0549166456560718,0
J095620.37-001800.5,0.7523221980997533,0.1846349906949917,0.0630428112052549,0
J095602.55+000823.0,0.4159841186085736,0.5264505854126985,0.0575652959787278,1
J095331.63-011223.9,0.593917801940312,0.3588950952638339,0.0471871027958542,0
J095251.74-005229.2,0.7824267339126031,0.1691085700557527,0.0484646960316439,0
J095316.21-010301.9,0.7934724965905899,0.0881884453756887,0.1183390580337212,0
J095325.70-010341.4,0.1611151706431123,0.7941083644676425,0.0447764648892452,1
J095334.68-005315.8,0.4353712111897748,0.5248419444118886,0.0397868443983366,1
J095304.67-005124.0,0.4212233503444023,0.5385637050516536,0.0402129446039442,1
J095258.91-005823.4,0.7021436046654889,0.2519952962306443,0.0458610991038669,0
J095324.84-005418.1,0.8133840368884049,0.1409787426762112,0.045637220435384,0
J095332.39-005629.2,0.8015707667773446,0.1143719133441157,0.0840573198785397,0
J095253.50-004418.8,0.7574294605186158,0.0983878363016208,0.1441827031797636,0
J095259.71-004827.9,0.0642182887265583,0.8816022780113901,0.0541794332620515,1
J095304.04-004659.9,0.7928117318922757,0.1576585522974178,0.0495297158103063,0
J095307.15-010339.2,0.4132465601614667,0.5345860442541579,0.0521673955843755,1
J095255.70-005149.0,0.7519532703190347,0.1724103417707893,0.0756363879101759,0
J095538.02+000031.3,0.7577893822425527,0.1789979686309024,0.0632126491265448,0
J095525.59-000332.9,0.6521902037427677,0.3002687160278616,0.0475410802293707,0
J095529.65-001726.0,0.4570502455261309,0.4947707408977808,0.0481790135760882,1
J095555.07-001125.0,0.2993936219057473,0.6522958705901423,0.0483105075041103,1
J095522.20-000238.7,0.6896750695366634,0.261153721975714,0.0491712084876226,0
J095531.19-002802.0,0.790144736560268,0.1333990144363945,0.0764562490033376,0
J095509.99-000115.6,0.6622668649200222,0.2979026355090495,0.0398304995709283,0
J095548.87-000549.6,0.7305987305516218,0.1398199138815368,0.1295813555668411,0
J095553.37+000541.3,0.2534257139466238,0.6939612045214565,0.0526130815319195,1
J095523.57-003514.2,0.5262791798318012,0.404304908572984,0.0694159115952147,0
J095522.23-000443.3,0.4542752126462694,0.4820542091072209,0.0636705782465096,1
J095506.14-000828.2,0.8439911528174389,0.1048478481862503,0.0511609989963108,0
J095549.16-000007.5,0.6435362805872039,0.2954483479077519,0.0610153715050442,0
J095251.42-010006.1,0.7969052229278342,0.0932892912914355,0.1098054857807304,0
J095146.69-011324.0,0.5154008870550921,0.4406236864129041,0.0439754265320036,0
J095222.87-010835.3,0.5819012854450969,0.3427678045647437,0.0753309099901595,0
J095202.94-011239.4,0.3295377499243848,0.6308502912385402,0.0396119588370747,1
J095250.95-011024.3,0.3834677302164877,0.5515524598319865,0.0649798099515257,1
J095214.92-003938.9,0.7745945108658919,0.0753671436648335,0.1500383454692743,0
J095201.52-010103.8,0.7820949503175855,0.1544442417068576,0.0634608079755567,0
J095216.36-004217.1,0.2617106084553646,0.6899610565338183,0.0483283350108169,1
J095200.52-004702.6,0.7906482476863427,0.1424766070825248,0.0668751452311326,0
J095151.65-005657.7,0.1081257876604142,0.8514504937827938,0.0404237185567918,1
J095201.32-004604.9,0.339654043336404,0.5971071890431262,0.0632387676204697,1
J095211.75-005107.6,0.6423266549510623,0.2934026386115026,0.0642707064374349,0
J095207.91-010834.0,0.6313208938629109,0.3066921724492813,0.0619869336878077,0
J095411.87-000358.1,0.3735903633566428,0.5649636611607856,0.0614459754825717,1
J095354.77-003239.2,0.7945731319655235,0.1065331423103631,0.0988937257241133,0
J095340.89-001355.1,0.7770968487741979,0.1254655669926763,0.0974375842331257,0
J095420.37-001841.4,0.4361771577984259,0.4592197650605669,0.1046030771410072,1
J095401.38-000649.9,0.8226896019243831,0.1063880714544569,0.0709223266211601,0
J095454.93+001119.8,0.6304010612264951,0.2608407583003191,0.1087581804731857,0
J095443.12-000130.3,0.5403037088858467,0.3944666759153022,0.0652296151988511,0
J095224.84-002744.1,0.7876581015126607,0.143779421727112,0.0685624767602274,0
J095252.39-001635.9,0.7755623605946919,0.1624884539649285,0.0619491854403795,0
J095231.96-003128.5,0.7024716994686325,0.1100269271240567,0.1875013734073107,0
J095232.55-002032.4,0.591126365370662,0.3654473835415677,0.0434262510877703,0
J095227.40-002934.7,0.4611688686863247,0.4326590513494742,0.1061720799642011,0
J095337.36-000227.8,0.4115180706236185,0.5192052997610817,0.0692766296152997,1
J095257.73+000704.4,0.1155502000845525,0.8481275619622544,0.0363222379531932,1
J095323.03-000957.5,0.8024366246985489,0.109836736485163,0.087726638816288,0
J095230.04-002504.2,0.7399243794338507,0.2165979661364125,0.0434776544297368,0
J095256.67-001028.0,0.7818768159504927,0.1329715249233664,0.0851516591261408,0
J095119.41-001033.3,0.245216463893775,0.5907641219053698,0.1640194142008552,1
J095127.13-001006.2,0.3828146680299908,0.5582041045242945,0.0589812274457148,1
J095109.08+000035.5,0.7209627458445479,0.2341502524267993,0.0448870017286527,0
J095136.83-001903.9,0.8141269731409099,0.116706657454259,0.069166369404831,0
J095046.37+000749.8,0.7576618734177443,0.2011807181802474,0.0411574084020084,0
J095125.85-000238.0,0.8469122703194514,0.0877988221047805,0.0652889075757681,0
J095135.91-001254.8,0.1487472039014286,0.8137725414222381,0.0374802546763334,1
J095110.43+000723.7,0.7861226370642171,0.0911547892418859,0.1227225736938969,0
J095057.57+000934.9,0.8035008010771989,0.114600990887281,0.0818982080355203,0
J095218.62-000738.7,0.6997429465212793,0.2413206163745261,0.0589364371041946,0
J095114.50+000247.4,0.3386693650753161,0.5962048309446434,0.0651258039800403,1
J095106.18+000314.8,0.7707159289433515,0.118686313409074,0.1105977576475743,0
J095101.24-005204.9,0.3476150364295401,0.6042471339879989,0.0481378295824609,1
J095111.32-004645.6,0.7444491233190614,0.1807655648797045,0.0747853118012341,0
J095137.59-011013.3,0.7790780034437964,0.1524124217651069,0.0685095747910965,0
J095109.21-011427.8,0.7941869928808016,0.1487694956618479,0.0570435114573502,0
J095113.80-005304.5,0.0259686732508286,0.934937265008338,0.0390940617408332,1
J095053.30-004127.6,0.4848573920401952,0.4552950750760097,0.059847532883795,0
J095114.22-004342.4,0.4132892397831835,0.5033006951130202,0.0834100651037962,1
J095038.21-010013.5,0.2147428155279524,0.7404685748852883,0.0447886095867592,1
J095034.96-001636.0,0.6016370844253415,0.351972859019653,0.0463900565550055,0
J095119.19-002629.3,0.6762024582515719,0.2805681742048445,0.0432293675435833,0
J095151.91-003000.4,0.782856332722621,0.0941148327166143,0.1230288345607645,0
J095113.51-002852.3,0.7865069581990548,0.107157378245165,0.1063356635557802,0
J095131.02-003031.7,0.3455222425057062,0.5644810084338193,0.0899967490604746,1
J095128.63-003345.6,0.6694849285891878,0.2866733869611404,0.0438416844496718,0
J095125.15-002208.5,0.3633794731348487,0.5636331801436031,0.0729873467215483,1
J095056.62-001904.9,0.8499374758792382,0.1080971067025425,0.0419654174182193,0
J095032.24-000553.5,0.7744621047232304,0.1004489313145419,0.1250889639622276,0
J095138.48-003434.1,0.8019589921811412,0.0714903324826883,0.1265506753361703,0
J095031.12-001721.2,0.5973523787467429,0.3345006617211301,0.0681469595321271,0
J095000.04-010102.5,0.8470234662518582,0.0925887521979231,0.0603877815502186,0
J094859.12-011511.6,0.051038145498321,0.9075576451778454,0.0414042093238334,1
J094936.36-004959.1,0.8461205956537321,0.0963547167252458,0.057524687621022,0
J094943.46-005202.1,0.553169980798382,0.3733303604716647,0.0734996587299534,0
J094956.73-005830.5,0.6039916014740199,0.3506362922142273,0.0453721063117528,0
J094936.96-011023.8,0.7962626956888849,0.1047427979549749,0.09899450635614,0
J094958.48-005259.2,0.5221681718001243,0.2392469445807993,0.2385848836190764,0
J095005.59-005058.2,0.7603553707333951,0.1569657398978305,0.0826788893687743,0
J094953.84-004829.9,0.5297406784302892,0.3670964192943215,0.1031629022753892,0
J094942.78-005024.2,0.743951378949779,0.1125018626719986,0.1435467583782223,0
J094956.38-001352.8,0.3973101530458167,0.544493588062583,0.0581962588916003,1
J094944.93-002031.4,0.1868413756117295,0.7660350761509019,0.0471235482373685,1
J094945.38+000248.5,0.8060626238643772,0.1131614822302993,0.0807758939053233,0
J095016.27-001653.0,0.8375827842355922,0.0823518757901232,0.0800653399742844,0
J094950.45-001803.6,0.781186535785243,0.1334658756907808,0.0853475885239759,0
J094954.64-000954.7,0.7958171456988439,0.1612691411351202,0.0429137131660361,0
J094957.70-001858.7,0.2407625077323336,0.7063015328552935,0.052935959412373,1
J094842.42-005710.1,0.4816983379769318,0.4447067743351844,0.0735948876878837,0
J094836.18-011023.7,0.7763377966489909,0.1671644096597279,0.0564977936912811,0
J094847.08-011230.5,0.7168902749251178,0.2134106223450316,0.0696991027298508,0
J094817.17-011350.5,0.4350222827026121,0.5144543905752448,0.050523326722143,1
J094855.17-005354.0,0.4819816075511511,0.4733764011762076,0.0446419912726411,0
J094818.68-005222.8,0.5590548233230644,0.4008963734105615,0.0400488032663738,0
J094905.32-004032.5,0.7892562765733865,0.0962463726676481,0.1144973507589653,0
J094849.85-011109.0,0.8016824708056228,0.0944327191890063,0.1038848100053708,0
J094731.51-003051.0,0.8027693421244958,0.086288137097837,0.1109425207776672,0
J094747.09-011246.5,0.8015412000438412,0.0879488324428355,0.1105099675133231,0
J094853.26-005155.5,0.7318558708823703,0.2036007896609498,0.0645433394566799,0
J094709.24-001838.5,0.5186832261350284,0.3840187017607286,0.0972980721042431,0
J094935.97-003324.9,0.6552268631671889,0.2870626571755861,0.057710479657225,0
J094922.04-003225.0,0.8608457305869552,0.0519206873779914,0.0872335820350534,0
J094927.08-001940.3,0.7151017531264252,0.2392655249641951,0.0456327219093798,0
J094852.97-001735.3,0.6303273656308129,0.2981168021487185,0.0715558322204686,0
J094701.73+000030.1,0.7660194492848399,0.1888897880490268,0.0450907626661336,0
J094933.97-001459.3,0.8093216012331449,0.1474596826799606,0.0432187160868943,0
J094718.26-002015.0,0.4491153822780551,0.5030539230989974,0.0478306946229473,1
J094937.29+000640.8,0.8241679960431091,0.1175476421839721,0.0582843617729187,0
J094655.12-001534.8,0.7643147876579106,0.1220416865155015,0.1136435258265881,0
J094933.36+000524.5,0.6778052027592643,0.2702477468199702,0.0519470504207655,0
J094930.93-002306.1,0.2142600665225841,0.7141272002504381,0.0716127332269777,1
J094858.96+010818.6,0.7586822869345187,0.2036863872291331,0.0376313258363482,0
J094913.51+011039.9,0.1070652073492775,0.8527111503454412,0.0402236423052812,1
J094848.43+005513.3,0.4006882278337752,0.3188646768989903,0.2804470952672344,0
J094920.53+010912.5,0.1047122254083203,0.7634756724296194,0.1318121021620601,1
J094839.72+002601.6,0.8539445220979199,0.0680971439555905,0.0779583339464895,0
J094705.50+004204.1,0.7614177252533626,0.1902359656635799,0.0483463090830573,0
J094929.44+001433.3,0.0774863940294954,0.886242682475312,0.0362709234951923,1
J094914.22+002039.3,0.4163177887258162,0.5025978340222601,0.0810843772519235,1
J094928.04+005806.1,0.5722881305883154,0.3587575276968238,0.0689543417148607,0
J094942.88+010626.9,0.7574345712105693,0.1900246082665128,0.0525408205229177,0
J094949.61+010533.2,0.0591555313091862,0.9048592512178516,0.0359852174729621,1
J095002.72+010602.1,0.7619544126350755,0.1799461296260391,0.0580994577388854,0
J095004.24+010910.1,0.8058221980492565,0.0835016940046008,0.1106761079461426,0
J095034.22+004648.4,0.4607601961683846,0.4825332502620735,0.0567065535695419,1
J095014.76+011347.4,0.611680177072811,0.3233166089325937,0.0650032139945952,0
J094948.21+005015.9,0.79699403639068,0.0888533526167981,0.1141526109925217,0
J094948.02+004529.0,0.6039117754886655,0.3500441540794207,0.0460440704319137,0
J095009.35+003551.2,0.3985128821386708,0.5565952174011372,0.0448919004601919,1
J095003.14+004308.4,0.6007146917852043,0.2863589916844296,0.1129263165303662,0
J095012.51+003222.6,0.8059305624767801,0.1095136569488062,0.0845557805744136,0
J095000.00+003841.7,0.5723319944861605,0.3646018125846046,0.0630661929292349,0
J095006.17+003044.0,0.6565617384780488,0.2720146181415867,0.0714236433803645,0
J095005.97+003219.7,0.733534258551314,0.1138830984293911,0.1525826430192948,0
J094953.04+001854.1,0.0678927428203078,0.8879575701634647,0.0441496870162275,1
